Date,Director,Officer,Significant owner
2016 - Jan,44.95336210497007,33.7881108172073,21.258527077822638
2016 - Jan,44.8768864177919,34.074662430500396,21.048451151707702
2016 - Jan,40.78947368421053,37.631578947368425,21.578947368421055
2016 - Jan,42.094303138479845,33.3035847092072,24.602112152312955
2016 - Jan,39.349701393497014,31.220968812209687,29.429329794293295
2016 - Jan,39.17940466613033,30.20917135961384,30.611423974255832
2016 - Jan,37.20580871306961,32.799198798197295,29.994992488733104
2016 - Jan,39.17208347588094,30.995552514539852,29.832364009579198
2016 - Jan,30.303030303030305,33.33333333333333,36.36363636363637
2016 - Jan,44.505494505494504,29.67032967032967,25.82417582417583
2016 - Jan,38.801966919982114,31.42601698703621,29.772016092981673
2016 - Jan,37.05035971223021,32.631038026721484,30.318602261048305
2016 - Jan,39.21988855550793,30.904414916416627,29.87569652807544
2016 - Jan,37.485757690846945,32.510444360045575,30.00379794910748
2016 - Jan,37.25145169804681,38.69435157487243,24.054196727080768
2016 - Jan,32.83582089552239,42.78606965174129,24.378109452736318
2016 - Jan,41.6289592760181,47.05882352941176,11.312217194570136
2016 - Jan,35.31353135313531,42.02420242024203,22.662266226622663
2016 - Jan,32.99822590183324,50.236546422235364,16.765227675931403
2016 - Jan,27.555555555555557,44.925925925925924,27.51851851851852
2016 - Jan,33.53174603174603,49.32539682539683,17.142857142857142
2016 - Jan,33.43383584589615,53.13232830820771,13.433835845896148
2016 - Jan,35.294117647058826,60.962566844919785,3.7433155080213902
2016 - Jan,27.564102564102566,64.74358974358975,7.6923076923076925
2016 - Jan,31.886792452830186,56.64150943396227,11.471698113207546
2016 - Jan,31.44395998974096,57.83534239548602,10.720697614773018
2016 - Jan,31.268264172998244,57.68556399766218,11.046171829339567
2016 - Jan,31.342907533383723,58.377425044091716,10.279667422524566
2016 - Jan,31.28205128205128,54.49131513647642,14.226633581472292
2016 - Jan,29.274611398963728,53.49740932642487,17.2279792746114
2016 - Jan,30.793157076205286,48.67807153965785,20.52877138413686
2016 - Feb,29.34897206114918,53.795466526093826,16.855561412756984
2016 - Feb,29.16429789653212,54.97441728254691,15.861284820920979
2016 - Feb,29.9880810488677,52.657926102502984,17.35399284862932
2016 - Feb,27.1513353115727,55.811078140454995,17.037586547972307
2016 - Feb,30.016428068528516,53.71978408824219,16.263787843229288
2016 - Feb,30.745341614906835,54.347826086956516,14.906832298136646
2016 - Feb,32.04633204633205,55.79150579150579,12.162162162162163
2016 - Feb,29.024767801857585,58.87512899896801,12.100103199174407
2016 - Feb,28.285465622280242,60.19727299100667,11.517261386713082
2016 - Feb,30.37177063642092,57.088846880907376,12.539382482671707
2016 - Feb,31.793478260869566,45.90126811594203,22.305253623188406
2016 - Feb,32.46275875411105,46.46933642870962,21.06790481717934
2016 - Feb,31.987577639751553,51.5527950310559,16.459627329192546
2016 - Feb,37.159533073929964,45.525291828793776,17.315175097276263
2016 - Feb,32.20937700706487,50.86705202312138,16.923570969813746
2016 - Feb,32.99908842297174,49.05803707079915,17.94287450622911
2016 - Feb,31.417136619974535,50.26378024376933,18.31908313625614
2016 - Feb,32.73594212430122,51.792173627096346,15.471884248602432
2016 - Feb,31.370487206449347,51.9453207150368,16.684192078513846
2016 - Feb,31.34765625,55.37109375,13.28125
2016 - Feb,30.472103004291846,55.5793991416309,13.948497854077251
2016 - Feb,32.87166900420757,46.87938288920056,20.248948106591865
2016 - Feb,34.50867052023121,43.91136801541426,21.57996146435453
2016 - Feb,35.45502367175171,42.15325267403121,22.39172365421708
2016 - Feb,37.12059064807219,40.77112387202625,22.10828547990156
2016 - Feb,33.092369477911646,40.68273092369478,26.224899598393574
2016 - Feb,29.797191887675506,43.21372854914197,26.98907956318253
2016 - Feb,32.294264339152114,41.02244389027431,26.683291770573565
2016 - Feb,31.169991068770468,38.40428699017565,30.425721941053887
2016 - Mar,33.37588290358268,37.920177006212235,28.703940090205087
2016 - Mar,38.45657781599312,32.351676698194325,29.191745485812554
2016 - Mar,42.548719908291936,30.58846006878105,26.862820022927014
2016 - Mar,47.58480825958702,27.193952802359885,25.221238938053098
2016 - Mar,46.86192468619247,27.719665271966527,25.418410041841007
2016 - Mar,48.275862068965516,27.914614121510674,23.809523809523807
2016 - Mar,54.76336816226183,28.047531243597625,17.189100594140545
2016 - Mar,50.19241341396372,36.915887850467286,12.891698735568994
2016 - Mar,48.75796178343949,37.675159235668794,13.566878980891719
2016 - Mar,37.38691352829792,37.97601514832738,24.63707132337471
2016 - Mar,32.83354510800508,34.45997458703939,32.70648030495553
2016 - Mar,28.434504792332266,32.26837060702875,39.29712460063898
2016 - Mar,31.85483870967742,35.08064516129033,33.064516129032256
2016 - Mar,31.923779691986425,31.81936831114591,36.25685199686765
2016 - Mar,34.129692832764505,31.5079118833385,34.36239528389699
2016 - Mar,31.274480265140102,33.986140403736066,34.73937933112383
2016 - Mar,27.15143428952635,31.487658438959304,41.36090727151434
2016 - Mar,32.322210987529495,32.861476238624874,34.81631277384564
2016 - Mar,27.027027027027028,39.45945945945946,33.513513513513516
2016 - Mar,32.44444444444444,28.444444444444443,39.111111111111114
2016 - Mar,38.86075949367089,35.654008438818565,25.485232067510548
2016 - Mar,40.790580319596295,41.42136248948696,17.788057190916735
2016 - Mar,38.91050583657588,39.61089494163424,21.47859922178988
2016 - Mar,34.74354174466492,39.61063272182703,25.64582553350805
2016 - Mar,44.42307692307692,35.57692307692308,20.0
2016 - Mar,37.142857142857146,33.87755102040816,28.97959183673469
2016 - Mar,40.476190476190474,35.714285714285715,23.809523809523807
2016 - Mar,38.126512270998965,27.27272727272727,34.60076045627377
2016 - Mar,39.14297486608982,28.224145035022662,32.63288009888752
2016 - Mar,39.512584898122256,31.242508989212947,29.244906112664804
2016 - Mar,45.61845286059629,34.669621273166804,19.711925866236907
2016 - Apr,45.381993515670466,33.97622412503117,20.641782359298364
2016 - Apr,37.5,41.28787878787879,21.21212121212121
2016 - Apr,40.43321299638989,26.714801444043324,32.851985559566785
2016 - Apr,44.35857805255023,35.66460587326121,19.976816074188562
2016 - Apr,44.16058394160584,32.690302398331596,23.149113660062564
2016 - Apr,39.71871968962173,32.54122211445199,27.740058195926288
2016 - Apr,40.924313462826525,33.82451440053583,25.25117213663764
2016 - Apr,37.74294670846395,42.88401253918495,19.3730407523511
2016 - Apr,34.710743801652896,42.97520661157025,22.31404958677686
2016 - Apr,37.696335078534034,37.17277486910995,25.13089005235602
2016 - Apr,42.69782262347318,35.79394583112055,21.508231545406268
2016 - Apr,36.07411696583671,40.18529241459178,23.74059061957151
2016 - Apr,42.05128205128205,35.0,22.94871794871795
2016 - Apr,37.49170537491705,32.58128732581287,29.927007299270077
2016 - Apr,41.38171667829728,31.565480344266106,27.052802977436613
2016 - Apr,45.3125,31.25,23.4375
2016 - Apr,36.55913978494624,41.935483870967744,21.50537634408602
2016 - Apr,43.95365677045619,28.747284576393916,27.299058653149892
2016 - Apr,46.48478488982162,29.485834207764956,24.02938090241343
2016 - Apr,48.45626072041166,26.758147512864493,24.78559176672384
2016 - Apr,50.74357818837314,26.813880126182966,22.442541685443892
2016 - Apr,48.562848562848565,25.954525954525952,25.482625482625483
2016 - Apr,48.38709677419355,16.129032258064516,35.483870967741936
2016 - Apr,41.0,28.000000000000004,31.0
2016 - Apr,47.636496885305974,24.917552216929277,27.44595089776475
2016 - Apr,42.592592592592595,19.93094789704959,37.47645951035782
2016 - Apr,41.389934953782955,28.24375213967819,30.366312906538855
2016 - Apr,42.34289200732154,30.567419158023185,27.089688834655277
2016 - Apr,44.21875,28.638392857142858,27.142857142857142
2016 - Apr,45.053763440860216,24.946236559139784,30.0
2016 - May,45.22292993630573,26.804670912951167,27.9723991507431
2016 - May,44.07874962428615,25.33814247069432,30.583107905019535
2016 - May,43.69394618834081,25.05605381165919,31.25
2016 - May,44.95412844036697,27.101413339945452,27.94445821968758
2016 - May,43.83738438373844,27.274682727468274,28.887932888793287
2016 - May,42.97501178689298,30.221593587930222,26.8033946251768
2016 - May,41.15384615384615,31.92307692307692,26.923076923076923
2016 - May,41.45569620253164,32.278481012658226,26.265822784810126
2016 - May,42.95584259537399,34.54490838089516,22.49924902373085
2016 - May,42.938689217758984,37.01902748414376,20.042283298097253
2016 - May,43.83480825958702,31.30776794493609,24.857423795476894
2016 - May,50.313194584764595,29.78379470600121,19.903010709234188
2016 - May,53.64880273660205,26.51083238312429,19.84036488027366
2016 - May,50.43103448275862,25.0,24.568965517241377
2016 - May,48.01619433198381,27.530364372469634,24.453441295546558
2016 - May,54.43092035020286,29.019859064702114,16.549220585095025
2016 - May,50.72294776119403,29.94402985074627,19.3330223880597
2016 - May,43.960591133004925,30.20689655172414,25.832512315270932
2016 - May,44.4326429456541,29.15560276155072,26.411754292795187
2016 - May,45.659163987138264,27.357984994640944,26.982851018220792
2016 - May,41.75365344467641,29.227557411273487,29.018789144050107
2016 - May,41.533546325878596,28.753993610223645,29.712460063897762
2016 - May,47.96208530805687,29.73143759873618,22.30647709320695
2016 - May,50.46948356807511,32.652582159624416,16.877934272300468
2016 - May,49.17412935323383,34.32835820895522,16.497512437810947
2016 - May,47.08021390374332,38.43850267379679,14.481283422459892
2016 - May,45.418774592467685,38.0831928049466,16.49803260258572
2016 - May,42.44306418219462,40.165631469979296,17.391304347826086
2016 - May,45.5,37.0,17.5
2016 - May,48.34710743801653,38.01652892561984,13.636363636363635
2016 - May,47.03480876665234,30.876665234207135,22.088525999140522
2016 - Jun,45.157838416265385,31.910112359550563,22.932049224184055
2016 - Jun,44.557291666666664,30.104166666666664,25.338541666666664
2016 - Jun,42.00157604412924,28.867874967165747,29.13054898870502
2016 - Jun,43.269230769230774,25.64102564102564,31.08974358974359
2016 - Jun,41.01123595505618,30.89887640449438,28.08988764044944
2016 - Jun,44.88330341113106,29.56313584679832,25.55356074207062
2016 - Jun,44.30828764914544,28.055465978716544,27.636246372138018
2016 - Jun,45.56100217864923,28.186274509803923,26.252723311546838
2016 - Jun,47.0314318975553,29.190919674039577,23.777648428405122
2016 - Jun,41.123370110330995,31.64493480441324,27.23169508525577
2016 - Jun,44.623655913978496,26.344086021505376,29.03225806451613
2016 - Jun,49.375,27.500000000000004,23.125
2016 - Jun,41.10099337748344,31.70529801324503,27.19370860927152
2016 - Jun,40.10659560293138,31.345769487008663,28.547634910059962
2016 - Jun,37.87137364557847,29.29045788185949,32.83816847256204
2016 - Jun,32.03152991759226,25.79720530275887,42.17126477964887
2016 - Jun,33.701221915648404,26.84272763106031,39.45605045329129
2016 - Jun,33.85826771653544,22.440944881889763,43.7007874015748
2016 - Jun,33.75,25.0,41.25
2016 - Jun,37.37280296022202,29.417206290471785,33.20999074930619
2016 - Jun,36.98878031125588,30.184581976112923,32.8266377126312
2016 - Jun,42.92089249492901,24.503042596348884,32.57606490872211
2016 - Jun,43.33888426311407,23.896752706078267,32.76436303080766
2016 - Jun,53.55169692186267,19.494869771112867,26.953433307024465
2016 - Jun,57.291666666666664,20.833333333333336,21.875
2016 - Jun,60.0,20.0,20.0
2016 - Jun,55.096011816838995,24.224519940915805,20.6794682422452
2016 - Jun,50.39914848323577,25.11974454497073,24.481106971793505
2016 - Jun,50.768415474297825,25.70217276099629,23.52941176470588
2016 - Jun,48.63095786853508,26.726283765096344,24.642758366368582
2016 - Jul,39.65280581348406,30.35123132821962,29.995962858296327
2016 - Jul,38.23529411764706,29.77941176470588,31.985294117647058
2016 - Jul,34.44444444444444,45.55555555555556,20.0
2016 - Jul,37.77777777777778,44.44444444444444,17.77777777777778
2016 - Jul,35.153296934061316,29.987400251994963,34.85930281394372
2016 - Jul,29.461196243203165,32.278793870489366,38.260009886307465
2016 - Jul,35.47145606157793,31.302116741500964,33.22642719692111
2016 - Jul,32.18514531754575,31.054897739504845,36.75995694294941
2016 - Jul,34.285714285714285,32.142857142857146,33.57142857142857
2016 - Jul,34.523809523809526,35.714285714285715,29.761904761904763
2016 - Jul,31.9125070106562,32.64161525518789,35.445877734155914
2016 - Jul,34.68982630272953,30.868486352357323,34.44168734491315
2016 - Jul,33.55995055624227,36.58838071693449,29.851668726823238
2016 - Jul,42.9042904290429,36.96369636963696,20.13201320132013
2016 - Jul,39.50892857142857,38.96329365079365,21.52777777777778
2016 - Jul,46.73913043478261,26.08695652173913,27.173913043478258
2016 - Jul,39.416058394160586,36.496350364963504,24.087591240875913
2016 - Jul,32.33458177278402,38.70162297128589,28.963795255930087
2016 - Jul,29.889727219965177,31.108531630876378,39.00174114915844
2016 - Jul,34.24124513618677,36.47859922178988,29.28015564202335
2016 - Jul,34.99762244412744,36.18640038040894,28.815977175463626
2016 - Jul,36.48264086511098,35.116676152532726,28.40068298235629
2016 - Jul,28.703703703703702,39.81481481481482,31.48148148148148
2016 - Jul,23.809523809523807,39.285714285714285,36.904761904761905
2016 - Jul,35.0558081852005,39.27242662257131,25.67176519222819
2016 - Jul,35.457303857824016,42.82618118768964,21.716514954486346
2016 - Jul,34.44321124676286,39.289678135405104,26.26711061783204
2016 - Jul,34.96932515337423,32.70705521472393,32.32361963190184
2016 - Jul,37.87844297746415,33.55338037787389,28.568176644661964
2016 - Jul,44.44444444444444,39.21568627450981,16.33986928104575
2016 - Jul,40.577507598784194,33.130699088145896,26.29179331306991
2016 - Aug,39.21568627450981,37.994214079074254,22.790099646415943
2016 - Aug,41.28949615713066,38.51409052092229,20.196413321947055
2016 - Aug,40.168878166465625,39.967832730197024,19.863289103337355
2016 - Aug,34.509803921568626,42.032085561497325,23.458110516934045
2016 - Aug,33.47076461769116,40.36731634182908,26.16191904047976
2016 - Aug,30.625000000000004,40.0,29.375
2016 - Aug,24.444444444444443,40.0,35.55555555555556
2016 - Aug,35.97671880683885,39.32339032375409,24.699890869407056
2016 - Aug,36.94041867954911,41.86795491143317,21.191626409017715
2016 - Aug,32.81630170316301,40.298053527980535,26.885644768856448
2016 - Aug,29.907866761162293,34.37278525868179,35.719347980155916
2016 - Aug,31.52073732718894,32.25806451612903,36.22119815668203
2016 - Aug,39.455782312925166,28.57142857142857,31.97278911564626
2016 - Aug,38.70967741935484,33.064516129032256,28.225806451612907
2016 - Aug,33.090694471768636,31.418453669093054,35.4908518591383
2016 - Aug,37.41209563994374,29.746835443037973,32.84106891701828
2016 - Aug,34.840085287846485,33.688699360341154,31.471215351812365
2016 - Aug,32.05870992661259,34.33758207802241,33.603707995365006
2016 - Aug,30.781563126252504,34.388777555110224,34.829659318637276
2016 - Aug,38.07829181494662,34.519572953736656,27.402135231316727
2016 - Aug,30.53435114503817,34.35114503816794,35.11450381679389
2016 - Aug,28.938193343898572,34.67511885895404,36.38668779714738
2016 - Aug,29.69924812030075,36.09022556390977,34.21052631578947
2016 - Aug,34.053815615350686,35.37715041905602,30.569033965593295
2016 - Aug,35.392117025599354,32.62901259650548,31.978870377895163
2016 - Aug,33.31894691411308,32.49892101855848,34.18213206732844
2016 - Aug,37.01657458563536,27.071823204419886,35.91160220994475
2016 - Aug,35.59322033898305,31.63841807909605,32.7683615819209
2016 - Aug,30.493827160493826,29.75308641975309,39.75308641975309
2016 - Aug,32.43068987749839,31.65699548678272,35.912314635718886
2016 - Aug,30.713733573821177,31.43519711414584,37.85106931203298
2016 - Sep,35.54855817036792,36.60921445144183,27.842227378190255
2016 - Sep,38.516179952644045,37.2138910812944,24.269928966061563
2016 - Sep,33.95522388059701,38.80597014925373,27.238805970149254
2016 - Sep,41.37931034482759,28.735632183908045,29.88505747126437
2016 - Sep,47.44897959183674,36.734693877551024,15.816326530612246
2016 - Sep,38.2050372472508,34.30294430649166,27.49201844625754
2016 - Sep,36.64666166541635,36.68417104276069,26.669167291822955
2016 - Sep,35.15344758868075,40.09565563969709,24.75089677162216
2016 - Sep,36.576121288692356,40.208464939987365,23.21541377132028
2016 - Sep,35.36231884057971,43.768115942028984,20.869565217391305
2016 - Sep,37.219730941704036,45.2914798206278,17.48878923766816
2016 - Sep,36.80608365019011,41.14068441064639,22.0532319391635
2016 - Sep,35.69306930693069,42.227722772277225,22.07920792079208
2016 - Sep,36.688851913477535,41.80532445923461,21.505823627287853
2016 - Sep,32.15686274509804,37.930283224400874,29.91285403050109
2016 - Sep,32.8027950310559,37.38354037267081,29.81366459627329
2016 - Sep,33.1858407079646,43.36283185840708,23.451327433628318
2016 - Sep,33.33333333333333,36.36363636363637,30.303030303030305
2016 - Sep,32.0,32.46153846153847,35.53846153846154
2016 - Sep,29.945305378304464,33.68277119416591,36.37192342752963
2016 - Sep,33.31777881474569,37.7041530564629,28.978068128791413
2016 - Sep,35.607772254857665,38.725711703569814,25.666516041572525
2016 - Sep,33.46727898966705,35.59127439724455,30.941446613088402
2016 - Sep,37.0,34.0,28.999999999999996
2016 - Sep,25.0,27.77777777777778,47.22222222222222
2016 - Sep,30.84527928818586,35.14582303509639,34.008897676717744
2016 - Sep,34.52220726783311,35.26244952893675,30.215343203230148
2016 - Sep,31.54327424400417,33.42022940563086,35.03649635036496
2016 - Sep,31.414868105515588,35.25179856115108,33.33333333333333
2016 - Sep,33.144066981041284,32.16244827254355,34.693484746415166
2016 - Oct,32.6781908595785,34.66729812929197,32.65451101112953
2016 - Oct,35.22727272727273,36.36363636363637,28.40909090909091
2016 - Oct,34.506941462716476,35.33705452984113,30.156004007442395
2016 - Oct,31.678750697155607,35.58282208588957,32.738427216954825
2016 - Oct,32.758620689655174,34.48275862068966,32.758620689655174
2016 - Oct,33.493686109440766,37.0414912808178,29.464822609741432
2016 - Oct,35.10044642857143,39.955357142857146,24.944196428571427
2016 - Oct,27.27272727272727,51.515151515151516,21.21212121212121
2016 - Oct,34.801762114537446,48.89867841409692,16.299559471365637
2016 - Oct,36.41765704584041,39.13412563667232,24.448217317487266
2016 - Oct,41.10353378797272,41.53750774953503,17.35895846249225
2016 - Oct,44.34918160561185,39.51675759937646,16.134060795011692
2016 - Oct,40.699999999999996,43.5,15.8
2016 - Oct,38.40759075907591,41.74917491749175,19.843234323432345
2016 - Oct,38.75802997858672,43.46895074946467,17.77301927194861
2016 - Oct,34.42622950819672,40.16393442622951,25.40983606557377
2016 - Oct,35.98615916955018,43.89520514087988,20.118635689569945
2016 - Oct,35.645933014354064,38.27751196172249,26.076555023923444
2016 - Oct,36.74418604651163,35.55555555555556,27.700258397932814
2016 - Oct,34.14322250639386,32.54475703324808,33.312020460358056
2016 - Oct,36.002408187838654,31.84828416616496,32.14930764599639
2016 - Oct,29.338842975206614,28.92561983471074,41.735537190082646
2016 - Oct,35.77981651376147,27.522935779816514,36.69724770642202
2016 - Oct,33.42303552206674,34.17653390742734,32.400430570505925
2016 - Oct,36.73364245234415,34.46676970633694,28.799587841318907
2016 - Oct,34.479371316306484,34.921414538310415,30.5992141453831
2016 - Oct,33.55879292403746,31.633714880332985,34.80749219562955
2016 - Oct,34.0008173273396,29.628116060482224,36.371066612178176
2016 - Oct,35.78947368421053,32.631578947368425,31.57894736842105
2016 - Oct,36.666666666666664,23.88888888888889,39.44444444444444
2016 - Oct,32.428940568475454,27.002583979328165,40.56847545219638
2016 - Nov,38.692323608524724,31.409062693978896,29.89861369749638
2016 - Nov,44.34369602763385,30.82901554404145,24.8272884283247
2016 - Nov,53.63840960240061,27.494373593398347,18.86721680420105
2016 - Nov,51.01889588736569,27.602815857725084,21.378288254909226
2016 - Nov,55.04201680672269,21.84873949579832,23.10924369747899
2016 - Nov,54.21052631578947,26.842105263157894,18.947368421052634
2016 - Nov,45.13513513513514,23.843843843843842,31.02102102102102
2016 - Nov,38.74239350912779,26.815415821501016,34.4421906693712
2016 - Nov,34.90658800393314,29.891838741396263,35.2015732546706
2016 - Nov,34.8063284233497,31.123840698308786,34.06983087834152
2016 - Nov,33.6514669494521,37.25698126546483,29.09155178508307
2016 - Nov,29.297820823244553,40.92009685230024,29.782082324455207
2016 - Nov,38.392857142857146,34.82142857142857,26.785714285714285
2016 - Nov,33.7609723160027,35.24645509790682,30.99257258609048
2016 - Nov,36.330996751581466,34.75807830398359,28.910924944434946
2016 - Nov,35.120866907474294,37.37149208113365,27.507641011392053
2016 - Nov,32.83629441624365,43.559644670050766,23.604060913705585
2016 - Nov,35.83506377929398,45.86176208840107,18.303174132304953
2016 - Nov,43.07116104868914,36.329588014981276,20.59925093632959
2016 - Nov,40.41916167664671,45.209580838323355,14.37125748502994
2016 - Nov,38.01169590643275,40.60818713450293,21.380116959064328
2016 - Nov,36.10372340425532,40.75797872340425,23.138297872340424
2016 - Nov,38.093599449415,42.91121816930489,18.99518238128011
2016 - Nov,36.58536585365854,40.243902439024396,23.170731707317074
2016 - Nov,36.01190476190476,40.07936507936508,23.908730158730158
2016 - Nov,43.83561643835616,34.24657534246575,21.91780821917808
2016 - Nov,32.142857142857146,45.23809523809524,22.61904761904762
2016 - Nov,31.929696082021238,38.70377151226657,29.366532405712192
2016 - Nov,35.44935805991441,41.11982881597718,23.430813124108415
2016 - Nov,35.359801488833746,37.779156327543426,26.86104218362283
2016 - Dec,34.199663659990826,35.95780461703104,29.842531722978137
2016 - Dec,34.10366457576758,34.36777814460218,31.528557279630242
2016 - Dec,35.949367088607595,32.40506329113924,31.645569620253166
2016 - Dec,38.951310861423224,24.719101123595504,36.329588014981276
2016 - Dec,32.95915185531649,35.360149672591206,31.6806984720923
2016 - Dec,34.407915735716564,36.99329715927227,28.59878710501117
2016 - Dec,35.100606834877034,36.3781539444267,28.521239220696266
2016 - Dec,37.628865979381445,37.45704467353952,24.914089347079038
2016 - Dec,38.184473107812124,33.487466536870286,28.328060355317596
2016 - Dec,41.139240506329116,36.91983122362869,21.940928270042196
2016 - Dec,41.717791411042946,27.607361963190186,30.67484662576687
2016 - Dec,34.29752066115703,31.611570247933884,34.090909090909086
2016 - Dec,33.54856066720473,33.52165725047081,32.92978208232446
2016 - Dec,32.93377284986515,31.225651783038654,35.84057536709619
2016 - Dec,37.55102040816327,32.534013605442176,29.91496598639456
2016 - Dec,37.704402515723274,34.59119496855346,27.70440251572327
2016 - Dec,38.50746268656716,36.71641791044776,24.776119402985074
2016 - Dec,39.81481481481482,37.03703703703704,23.14814814814815
2016 - Dec,38.23529411764706,36.87782805429865,24.8868778280543
2016 - Dec,37.05263157894737,42.863157894736844,20.08421052631579
2016 - Dec,37.36961451247166,40.816326530612244,21.8140589569161
2016 - Dec,39.739966082532504,36.235161107970605,24.02487280949689
2016 - Dec,37.61878144214645,31.19060927892677,31.19060927892677
2016 - Dec,18.181818181818183,36.36363636363637,45.45454545454545
2016 - Dec,53.333333333333336,20.0,26.666666666666668
2016 - Dec,38.983050847457626,35.59322033898305,25.423728813559322
2016 - Dec,45.17704517704518,28.144078144078144,26.67887667887668
2016 - Dec,42.10526315789473,28.57142857142857,29.32330827067669
2016 - Dec,41.71974522292994,26.342129208371247,31.938125568698815
2016 - Dec,34.97857482939216,31.296619584192985,33.72480558641485
2016 - Dec,35.50807871965694,34.36710314725477,30.124818133088294
2017 - Jan,36.49281176863925,33.80140421263791,29.705784018722838
2017 - Jan,35.32608695652174,33.462732919254655,31.211180124223603
2017 - Jan,35.39443968538276,37.69176855385095,26.913791760766298
2017 - Jan,34.95357728017477,36.89240851993446,28.15401419989077
2017 - Jan,38.22682786413356,35.981577432354634,25.791594703511798
2017 - Jan,36.30094043887147,39.74921630094044,23.94984326018809
2017 - Jan,34.04255319148936,38.297872340425535,27.659574468085108
2017 - Jan,32.03125,41.40625,26.5625
2017 - Jan,35.299374441465595,41.8230563002681,22.87756925826631
2017 - Jan,37.27777777777778,32.22222222222222,30.5
2017 - Jan,36.62750518313753,33.033863165169315,30.33863165169316
2017 - Jan,36.18194348725017,35.01033769813922,28.80771881461061
2017 - Jan,37.30203619909502,37.245475113122176,25.452488687782804
2017 - Jan,33.44827586206897,38.62068965517241,27.93103448275862
2017 - Jan,37.06422018348624,34.77064220183486,28.165137614678898
2017 - Jan,38.448844884488445,36.7986798679868,24.752475247524753
2017 - Jan,37.12769094662342,38.2188145089944,24.653494544382188
2017 - Jan,39.62425277540564,38.898377455166525,21.47736976942784
2017 - Jan,39.78102189781022,38.777372262773724,21.44160583941606
2017 - Jan,40.52074857607811,38.28315703824247,21.196094385679416
2017 - Jan,44.086021505376344,36.200716845878134,19.71326164874552
2017 - Jan,44.40894568690096,41.533546325878596,14.057507987220447
2017 - Jan,38.993288590604024,35.43624161073826,25.57046979865772
2017 - Jan,36.075949367088604,34.177215189873415,29.746835443037973
2017 - Jan,32.0864991233197,36.294564582115726,31.61893629456458
2017 - Jan,34.10013531799729,37.16734325665313,28.73252142534957
2017 - Jan,31.14406779661017,40.04237288135593,28.8135593220339
2017 - Jan,33.48623853211009,37.15596330275229,29.357798165137616
2017 - Jan,31.606217616580313,35.233160621761655,33.160621761658035
2017 - Jan,29.232995658465992,31.45200192957067,39.31500241196334
2017 - Jan,32.665576451349146,35.48650858544563,31.84791496320523
2017 - Feb,37.70258743247086,34.5749218083594,27.722490759169748
2017 - Feb,35.74821852731592,36.63895486935867,27.612826603325413
2017 - Feb,35.851851851851855,36.098765432098766,28.049382716049383
2017 - Feb,36.92307692307693,26.666666666666668,36.41025641025641
2017 - Feb,38.02395209580838,33.23353293413174,28.74251497005988
2017 - Feb,35.859073359073356,39.092664092664094,25.04826254826255
2017 - Feb,35.45930509281295,35.07853403141361,29.462160875773442
2017 - Feb,37.392094502498864,35.71104043616538,26.896865061335756
2017 - Feb,36.84680661009379,37.87405091558732,25.279142474318895
2017 - Feb,37.988826815642454,37.43016759776536,24.581005586592177
2017 - Feb,37.74954627949184,40.653357531760435,21.59709618874773
2017 - Feb,34.52914798206278,34.08071748878923,31.390134529147986
2017 - Feb,36.237695953335766,33.795114837768864,29.967189208895366
2017 - Feb,35.19515477792732,35.363391655450876,29.441453566621806
2017 - Feb,38.91446571359341,36.05524594136176,25.030288345044827
2017 - Feb,39.678972712680576,36.8860353130016,23.434991974317818
2017 - Feb,42.20068771491091,39.32478899656143,18.474523288527664
2017 - Feb,39.31240657698057,44.843049327354265,15.844544095665173
2017 - Feb,41.70731707317073,41.21951219512195,17.073170731707318
2017 - Feb,40.5852417302799,41.603053435114504,17.8117048346056
2017 - Feb,41.80107526881721,40.0,18.198924731182796
2017 - Feb,38.19667347534286,38.75109425153195,23.05223227312518
2017 - Feb,39.10238429172511,38.03646563814867,22.861150070126225
2017 - Feb,40.26612669945039,35.088226786230834,24.645646514318774
2017 - Feb,40.16393442622951,35.450819672131146,24.385245901639344
2017 - Feb,44.1025641025641,31.794871794871792,24.102564102564102
2017 - Feb,37.072908259348935,32.714554748453054,30.212536992198007
2017 - Feb,36.22205936240381,32.979113228288746,30.79882740930744
2017 - Mar,35.68904593639576,27.95596629518891,36.354987768415334
2017 - Mar,29.79580097785447,23.180903077365546,47.02329594477998
2017 - Mar,31.207247180624886,28.72989462007765,40.062858199297466
2017 - Mar,30.633802816901408,30.633802816901408,38.732394366197184
2017 - Mar,30.833333333333336,32.916666666666664,36.25
2017 - Mar,34.57354221061793,29.52567449956484,35.900783289817234
2017 - Mar,37.1797941106057,28.8245152022983,33.995690687096
2017 - Mar,38.13238243815467,26.85535992868286,35.01225763316247
2017 - Mar,36.84804059768819,29.884409360022556,33.26755004228926
2017 - Mar,33.75896449186636,31.170194157775054,35.07084135035858
2017 - Mar,34.9705304518664,30.648330058939095,34.3811394891945
2017 - Mar,34.523809523809526,25.595238095238095,39.88095238095239
2017 - Mar,35.4014598540146,31.751824817518248,32.846715328467155
2017 - Mar,37.59318423855165,29.792332268370608,32.61448349307774
2017 - Mar,49.494949494949495,27.153891859774216,23.351158645276293
2017 - Mar,50.83174256885737,28.38832833378784,20.779929097354785
2017 - Mar,49.511503309171125,29.656476520642926,20.832020170185945
2017 - Mar,50.33333333333333,32.0,17.666666666666668
2017 - Mar,51.06382978723404,34.04255319148936,14.893617021276595
2017 - Mar,53.696741854636585,27.380952380952383,18.922305764411025
2017 - Mar,54.52771272443404,22.6775956284153,22.794691647150664
2017 - Mar,51.06534090909091,23.579545454545457,25.355113636363637
2017 - Mar,47.67769176636172,20.19704433497537,32.125263898662915
2017 - Mar,47.59842519685039,24.409448818897637,27.99212598425197
2017 - Mar,52.78810408921933,24.1635687732342,23.04832713754647
2017 - Mar,47.8021978021978,28.57142857142857,23.626373626373624
2017 - Mar,42.03480589022758,26.14904060687193,31.81615350290049
2017 - Mar,34.89892984542212,21.67063020214031,43.430439952437574
2017 - Mar,28.085390260173448,21.34756504336224,50.567044696464315
2017 - Mar,34.36317780580075,23.833543505674655,41.80327868852459
2017 - Mar,34.693689543988945,25.766927683095346,39.5393827729157
2017 - Apr,34.3228602383532,26.153846153846157,39.52329360780065
2017 - Apr,35.64356435643564,23.762376237623762,40.5940594059406
2017 - Apr,31.15316230632461,25.41275082550165,43.434086868173736
2017 - Apr,29.660194174757283,23.54368932038835,46.79611650485437
2017 - Apr,29.357798165137616,26.911314984709477,43.730886850152906
2017 - Apr,30.034808552958726,28.54301342615614,41.422178020885134
2017 - Apr,28.80886426592798,27.60849492151431,43.58264081255771
2017 - Apr,33.59375,25.78125,40.625
2017 - Apr,42.42424242424242,28.78787878787879,28.78787878787879
2017 - Apr,33.617661816357256,32.86502759658806,33.517310587054695
2017 - Apr,30.440587449933243,22.563417890520697,46.99599465954606
2017 - Apr,31.301775147928996,25.384615384615383,43.31360946745562
2017 - Apr,25.521405049396268,24.20417124039517,50.27442371020856
2017 - Apr,34.87698986975398,34.00868306801736,31.114327062228654
2017 - Apr,34.73053892215569,38.92215568862276,26.34730538922156
2017 - Apr,38.095238095238095,33.33333333333333,28.57142857142857
2017 - Apr,37.90248390064397,39.527752223244406,22.569763876111622
2017 - Apr,31.339332980412916,35.78613022763367,32.87453679195341
2017 - Apr,29.944468175993165,34.64331482272533,35.412217001281505
2017 - Apr,30.44917257683215,33.66430260047281,35.88652482269504
2017 - Apr,30.709101060859854,30.15075376884422,39.14014517029592
2017 - Apr,30.851063829787233,28.191489361702125,40.95744680851064
2017 - Apr,29.292929292929294,24.242424242424242,46.464646464646464
2017 - Apr,30.717185385656293,31.84483536310329,37.437979251240414
2017 - Apr,38.18181818181819,37.52066115702479,24.297520661157023
2017 - Apr,36.02503912363068,37.96557120500783,26.009389671361504
2017 - Apr,38.27014218009479,36.37440758293839,25.355450236966824
2017 - Apr,37.882269754286725,40.1979847975959,21.919745448117375
2017 - Apr,36.79245283018868,36.477987421383645,26.729559748427672
2017 - Apr,37.46397694524496,37.319884726224785,25.216138328530256
2017 - May,33.23903818953324,35.45068792593545,31.31027388453131
2017 - May,34.19010669253152,34.48108632395732,31.328806983511154
2017 - May,34.19428571428572,38.14857142857143,27.65714285714286
2017 - May,35.294117647058826,33.98692810457516,30.718954248366014
2017 - May,41.15064695009242,31.49260628465804,27.35674676524954
2017 - May,44.05940594059406,31.683168316831683,24.257425742574256
2017 - May,42.54385964912281,34.64912280701755,22.807017543859647
2017 - May,37.44699843784869,31.733987949118504,30.8190136130328
2017 - May,35.881403791851554,30.133118192819687,33.985478015328766
2017 - May,35.913750441852244,29.957582184517495,34.12866737363026
2017 - May,40.543259557344065,31.75050301810865,27.706237424547286
2017 - May,39.191530317613086,34.879692011549565,25.928777670837345
2017 - May,42.32804232804233,41.269841269841265,16.402116402116402
2017 - May,41.07744107744108,34.34343434343434,24.579124579124578
2017 - May,37.19293204999282,36.230426662835804,26.57664128717138
2017 - May,37.817516764885184,34.85064011379801,27.33184312131681
2017 - May,37.90893760539629,35.36256323777403,26.728499156829677
2017 - May,36.409480584972265,35.97243234157001,27.618087073457726
2017 - May,35.528219971056444,34.00868306801736,30.463096960926194
2017 - May,33.506493506493506,33.896103896103895,32.5974025974026
2017 - May,34.5360824742268,27.835051546391753,37.628865979381445
2017 - May,38.011179758752576,38.57016769638129,23.418652544866138
2017 - May,36.48493213710605,34.57556935817806,28.939498504715893
2017 - May,43.70680247362677,33.26664241542379,23.026555110949438
2017 - May,48.8376598217745,31.344440139480824,19.817900038744675
2017 - May,52.66172506738545,36.05121293800539,11.287061994609164
2017 - May,51.20772946859904,40.09661835748793,8.695652173913043
2017 - May,51.38121546961326,30.386740331491712,18.23204419889503
2017 - May,57.407407407407405,41.358024691358025,1.2345679012345678
2017 - May,48.88323437941759,34.238054848741875,16.878710771840545
2017 - May,46.27650254073944,37.09479586472752,16.62870159453303
2017 - Jun,51.33915136924466,32.500752332229915,16.160096298525428
2017 - Jun,51.51331719128329,32.99031476997579,15.49636803874092
2017 - Jun,48.34123222748815,29.85781990521327,21.80094786729858
2017 - Jun,52.83018867924528,33.9622641509434,13.20754716981132
2017 - Jun,50.604490500863555,32.08981001727116,17.305699481865286
2017 - Jun,48.586196412283364,38.3399209486166,13.073882639100031
2017 - Jun,45.14383366562233,35.60239248077471,19.25377385360296
2017 - Jun,38.226990400903446,35.742518351214,26.030491247882555
2017 - Jun,38.028169014084504,35.64996536596629,26.321865619949204
2017 - Jun,32.76955602536998,32.346723044397464,34.883720930232556
2017 - Jun,38.25503355704698,36.241610738255034,25.503355704697988
2017 - Jun,31.07344632768362,31.93577163247101,36.99078203984538
2017 - Jun,31.86641697877653,32.80274656679151,35.33083645443196
2017 - Jun,35.812517541397696,35.70025259612686,28.487229862475445
2017 - Jun,35.204636001448755,39.02571532053604,25.769648678015212
2017 - Jun,34.20628525382756,39.40370668815471,26.390008058017727
2017 - Jun,34.04255319148936,30.851063829787233,35.1063829787234
2017 - Jun,42.22222222222222,38.88888888888889,18.88888888888889
2017 - Jun,33.78243512974052,39.271457085828345,26.94610778443114
2017 - Jun,35.4998099581908,39.490687951349294,25.0095020904599
2017 - Jun,33.13000381242851,39.53488372093023,27.33511246664125
2017 - Jun,32.95499021526419,42.07436399217221,24.9706457925636
2017 - Jun,31.069364161849713,43.0635838150289,25.86705202312139
2017 - Jun,30.58823529411765,38.23529411764706,31.176470588235293
2017 - Jun,34.710743801652896,43.80165289256198,21.487603305785125
2017 - Jun,31.540203850509624,43.4881087202718,24.971687429218573
2017 - Jun,33.70485956308515,41.50691038787338,24.788230049041463
2017 - Jun,32.78236914600551,46.225895316804404,20.99173553719008
2017 - Jun,34.48753462603878,46.745152354570635,18.76731301939058
2017 - Jun,34.243902439024396,46.65365853658537,19.102439024390243
2017 - Jul,34.54020435362061,47.001332741004,18.458462905375388
2017 - Jul,36.875,46.875,16.25
2017 - Jul,37.76212832550861,43.42723004694836,18.81064162754304
2017 - Jul,31.25,51.24999999999999,17.5
2017 - Jul,40.17933390264731,40.990606319385144,18.830059777967552
2017 - Jul,34.94044242768009,46.34146341463415,18.718094157685762
2017 - Jul,40.30699260943718,39.11313246162592,20.579874928936896
2017 - Jul,55.55555555555556,31.746031746031743,12.698412698412698
2017 - Jul,47.524752475247524,35.64356435643564,16.831683168316832
2017 - Jul,40.721940214326004,42.526790750141004,16.751269035532996
2017 - Jul,37.949167397020155,45.048203330411916,17.002629272567923
2017 - Jul,40.77669902912621,39.46316390633923,19.760137064534554
2017 - Jul,35.9452736318408,48.6318407960199,15.422885572139302
2017 - Jul,38.79083740142696,48.32895230942546,12.880210289147579
2017 - Jul,39.42505133470226,49.28131416837782,11.293634496919918
2017 - Jul,33.80281690140845,46.478873239436616,19.718309859154928
2017 - Jul,37.79047619047619,45.63809523809524,16.57142857142857
2017 - Jul,34.46088794926004,41.64904862579281,23.890063424947147
2017 - Jul,34.400948991696325,43.83155397390273,21.767497034400947
2017 - Jul,31.31979695431472,46.04060913705584,22.63959390862944
2017 - Jul,32.95281582952816,41.01978691019787,26.027397260273972
2017 - Jul,24.369747899159663,40.33613445378151,35.294117647058826
2017 - Jul,26.923076923076923,23.076923076923077,50.0
2017 - Jul,32.309082693176684,38.49977406235879,29.19114324446453
2017 - Jul,31.692180388911872,44.06288787753414,24.244931733553994
2017 - Jul,26.50988776055585,48.04917156600748,25.440940673436664
2017 - Jul,28.525932666060054,45.31392174704277,26.160145586897176
2017 - Jul,29.460762823323105,48.04910127137221,22.490135905304694
2017 - Jul,29.6875,47.65625,22.65625
2017 - Jul,35.08771929824561,51.75438596491229,13.157894736842104
2017 - Jul,27.623294858342078,47.061909758656874,25.314795383001048
2017 - Aug,31.23429648241206,42.6821608040201,26.083542713567837
2017 - Aug,32.1025641025641,46.743589743589745,21.153846153846153
2017 - Aug,35.18957345971564,47.31437598736177,17.49605055292259
2017 - Aug,36.03364320495794,46.08233731739708,17.884019477644976
2017 - Aug,38.497652582159624,47.417840375586856,14.084507042253522
2017 - Aug,41.2037037037037,47.68518518518518,11.11111111111111
2017 - Aug,31.411126187245593,43.79240162822252,24.796472184531886
2017 - Aug,34.77769404672193,45.892991710625466,19.3293142426526
2017 - Aug,34.48589626933576,45.905368516833484,19.608735213830755
2017 - Aug,32.05448985265499,46.205170975813175,21.740339171531833
2017 - Aug,34.178131788559014,43.482983345401884,22.338884866039102
2017 - Aug,38.91402714932127,36.65158371040724,24.43438914027149
2017 - Aug,37.5,49.26470588235294,13.23529411764706
2017 - Aug,31.585403250536647,49.5246856792395,18.889911070223857
2017 - Aug,29.428748195504227,53.57805733140854,16.993194473087232
2017 - Aug,29.54729183508488,54.2037186742118,16.248989490703313
2017 - Aug,28.75520242149073,57.548240635641314,13.696556942867952
2017 - Aug,27.42222222222222,55.733333333333334,16.844444444444445
2017 - Aug,28.28282828282828,51.515151515151516,20.2020202020202
2017 - Aug,28.968253968253972,54.761904761904766,16.26984126984127
2017 - Aug,30.495356037151705,56.656346749226,12.848297213622292
2017 - Aug,32.8029948525971,53.15863359850257,14.038371548900328
2017 - Aug,30.89471082550667,55.857637172516064,13.247652001977261
2017 - Aug,32.538330494037474,55.02555366269165,12.43611584327087
2017 - Aug,30.075858991521642,59.75011155734047,10.174029451137885
2017 - Aug,34.93975903614458,54.81927710843374,10.240963855421686
2017 - Aug,33.33333333333333,57.57575757575758,9.090909090909092
